[constants]
PHP_OS_FAMILY=s%Windows%BSD%Darwin%Solaris%Linux%Unknown
PHP_INT_MIN=-2147483648%-9223372036854775808
PHP_FLOAT_DIG=15
PHP_FLOAT_EPSILON=2.2204460492503E-16
PHP_FLOAT_MIN=2.2250738585072E-308
PHP_FLOAT_MAX=1.7976931348623E+308
PHP_FD_SETSIZE=256
